100110001110110011001X101110X1XX10X1
62998 9708340
33440 124867031
6869 81126
11110000X01010010XX10X000XX00X001010
13476 173113
39561 27229922
35430 347364280
59598 3650
13531 844841709
X0110X00011X1110X11010000010110001X1
39480 271401
50956 752277993
368 2231
17908 376977
011110110XX0110001XX0X01XX0010100100
56735 1733781
49770 7833115
100110001X101100XX1010001000011011X0
35668 9080392
2118 93303
22017 10163
55863 549388
40152 51663168
46928 118804934
40585 4540
X1X1101X0X101X0001100X010X101XX01010
8325 251174
38881 71910194
56331 3712330
15825 244573
55311 226546976
53810 742
1001100010101000X0XX10001001100X0001
49554 32033936
44420 2749
8451 461613
23507 4532710
1X011X0X10X00X001010X011101100000011
60294 31518
29569 6578686
21008 1987459
1462 36088
37118 3859341
10082 173198
X1X11X00X01010XX011X1001100010101010
26828 15660795
42418 2990
44273 217
10595 3430553
10X110X010101X001010101X100X00X00XX1
10082 588571
52784 16169
49920 132826443
10011010X11XX000111001000X0000100111
51727 69340093
27169 237758969
32259 253
011110110010XX0001X0X1110XX0X0X0110X
36935 26074
1600 26798141
54701 104718973
1202 65187
33150 1530
18022 2879928
50234 69908
1X1110X0X1101X00X11X110X10100XX00111
17718 60893480
27610 269
48550 47978091
27654 589
7817 3506071
61282 480898
9821 21368
X110X0001X1011X0111X11111010XX001001
33947 100432
54689 10785
17652 22244234
29826 1532
56926 3461025
7643 3081
44251 18658718
1XX110001110X1001X10111000100XXXX011
52316 1056
25096 13948
29569 95944410
111110101X101XXX1110X10X101X10X101X1
198 56909312
19535 134
7126 42965
24971 825
X1111000011XX000011101100X100011XX00
44547 2611
39021 738
37713 456837
100100X00010X100101XX000111011110X0X
55643 17218
11517 11285
57130 16487599
41286 31096
49360 1021109
0111100100100XX0001000000X10XX0011X1
2374 76911
64064 18297184
59096 68536630
21158 86340
53009 49
32603 151826
1X0110001010X0001X10100010010X0X0001
23391 444627
41426 48722
57856 134238192
17718 43897845
62019 14442
42445 1647
101X10100X10110X10XX011X0000X00X0000
10928 2500
20838 56999423
25999 184909525
26007 2123012
48938 45692507
10X1101011101000111X1001X10X10000111
50241 78378235
44902 61326
49459 529618451
9858 1900346
53729 323
36784 18539
1X1100100X1X10101X1000X10010001X1100
33440 714357
8780 9457
39405 94677301
1X1X10001X1011X011111110111000011X01
7695 76593
29551 8037042
38881 395452049
18026 1315
63110 896
32635 2312
51980 5007732
01XX100101100000X010001011100001X001
2310 20405
53937 363909044
51663 90768255
111100XX1110100X0110101XX0X00X10X111
1690 13462
52167 25867535
44142 3236766
61314 96933150
60738 805417
54375 517
22340 2896
111110X011101000X1111X00010XXX011111
59683 332943
63316 31352372
20057 36814138
54353 1914411
34386 6370
59914 47956
6408 59925239
1011X0000X10100010X00X1011X00X100011
6521 480923757
1462 264154162
61394 809
11111010011XX00001100X101011X010010X
9835 1799371
32239 127302446
51663 544
57856 66667817
2491 127
8333 2276312
58915 22092
111100X01X1XX001X110111101000X100010
64589 4258915
47487 285752
6869 1596
1111X0X0X010110011101101000110X1X001
5453 91496217
2646 2667
21050 353326983
X01110100X101X001010X0X1X01001100001
45101 70813816
44546 308
57631 9039857
27169 3160
0110001X1110X1001100001000X01110X010
28718 19694
42115 59579390
40413 43201
59683 199166
10110010111011000X1XX11101XXX00X0011
19784 26996
9835 26757939
1355 639095
22997 3076780
18929 1000155
10011000X1X00XX011X001000XX00X000011
41473 15683
10654 300147
65299 5404
49446 262001143
48896 77288
10111010X110X10011110101X0100000X11X
14093 65927877
48550 65429
40585 125589
59196 241585409
0111001X10100001X10001000X101100X111
19535 97672040
34960 223021623
11445 12973820
31234 111455
17045 6307012
35956 12190194
23822 198622
010X11001110X0110110100X0100000X0110
17729 128199106
6566 991727748
40620 518974
62157 7223
51624 2746037
X1011010X11XX000X110X10X10110100001X
12314 7438
30174 861079
61319 237771
56184 550369639
24866 11544
1111100011X01100011XX1100000000001X1
25096 11465
41174 19609
61765 9254
44546 18901638
0X011011011011X0011010X10000100X1010
21144 125649840
37854 461670
36768 1823059
21797 106819
101110X0XX1011001010X1XX101X001X0000
881 5602
24867 2323430
1375 1042520
914 8283690
7056 70100608
17908 2904425
010110111X100X010X00011001110111X1XX
287 5052060
64589 19158826
41925 47066119
44818 57717343
10X1X01001101010X110001X1X0110110110
45178 183479
39426 4005802
64828 5710008
11XX111010001X00101000111111X1000000
48814 28141
30828 7849
48068 249
34905 4062
10X100X01X101X0000110X1XX00011010X1X
5461 408004
32538 15303536
59914 128160
23777 5181173
1X11X0001110100X011X1X11X1X00010X11X
60828 99826852
62051 26656040
55017 166822210
X11XX01100100X000X00X01001X10101X1X0
30302 2574
8333 29343
61663 439018
13806 456141
0X100011011X0X00001X1100XXX0110X1101
22292 125832761
31398 221057
16344 423
19616 483547
57645 2723
62051 9731067
111X1000X11110X00X1X10010X1001011101
24876 3544242
6961 595
63316 59604424
3938 2322
0111X0X10X100X000X10011X0100X010X0X1
54349 176922
44939 1720
56849 65044820
01X0001X011000X000X1X100011011110X00
26038 79135
28760 48844339
5425 65454644
2081 7433
1139 98313
X11X1X0011101001X110101101XX00X111X0
36935 685782169
48050 637647920
36526 467954
00011XX0101X1001011000010X1X1X100XX0
12545 23720
48741 831
54810 861
35882 11960
65049 6566
31876 47205
42306 2957
1X0100001010X1000011011X11XX10010010
29794 3311
7279 17678061
35574 57
34279 14957254
53099 578302
23935 101040071
48741 557
X01X0010011011X010100X110X010000X110
36768 24451
5966 1399
29703 368831
17057 3756
41426 1666
1XX1X0X01110110011X01101X010X1001100
40493 377542989
26606 1340407
5425 340433144
19975 99977737
9463 240
49767 6599426
1111X0001X1010010111XXX1X0000110X110
52003 475150
55311 904259
33150 16080
61664 4435
13992 975381
62465 12445079
10111XX011X0110010100XXX10101X110000
17650 340568
47124 183
63115 30913513
60628 138264062
11111X0011101X000X10100110X000X0X1X0
24971 31365
44951 11728619
25696 302033
21301 9627
44157 525244205
50656 10378362
X1X11010X110XX0011X011001X1100000111
21359 33302
32262 1195
36724 70173555
011110X0001010000X10110X00X00X0X00X0
34040 76148
27225 17171
5435 3821
40522 986
29533 5879
58995 468861340
1X111010000011001010X1100011101X11X0
4300 1968578
60134 113072
52745 214174
21584 931098775
35748 183615
5425 310
44273 25744270
0110101100X000000100X11101X001X10110
22539 628206922
21144 264564
62744 2994725
011X00101110110X1X000111X01001111001
22340 15133495
12926 1765
35190 4163491
01X111001110X0X001100100XX01X000X1X1
40522 59810
56396 517415
524 255482833
26606 981177164
1011100001101100111XXX010011011101X1
59683 9400311
20939 595722054
63721 6985592
57138 1269
15281 5401
01XXX100111010XXX1100X00101X1000011X
2313 688104
32541 269387
56619 791767610
46108 26686613
50343 355889
11X10X0X11X0X0010110XX01100X0110X011
63972 61249
62051 33442568
2467 34752053
60551 484021
1001X010X110100X11100011XXX000X0010X
47266 2157244
44919 157513051
32262 1218209
58259 10042236
111XX0001X10XX00011000100X0001X01110
38117 190943177
53165 111633760
13992 57901936
34729 10392
01X1XX11X010000X010001X00000X1XX1110
53210 649683386
1139 32691865
30132 7760
54114 389230
25317 12494
2009 16139248
13666 22025
0001X1001X10100001X0000X1111X0100011
35936 3218400
32130 6979
3463 975563095
26275 666625528
2491 1009324251
X11110X1011000000X10111X1X00000X1X01
37893 77491794
62284 2622180
54953 608
13806 3053695
851 91893573
44236 18748041
X1111000111010010X11X1X101X00110X110
6408 77
17173 105746610
61958 3970453
11809 530128754
50353 397
01X0X011011101XXX01X1111X01011100110
56977 37625
7087 17032
8365 771433
18057 3004
50234 186750457
18676 707230
01X11X1001101100011X0X0100X00110X001
57493 32401
8878 51376
22997 186778624
47670 30514
17652 630094
3020 1035621818
16186 35187162
X110100011X0100X01100X10011011X0111X
15353 475655169
42306 737698
46697 986478
57579 1677835
38238 24794941
101X1010111011001111111X0X0X0001X110
57748 261680967
32426 380599
27169 3161369
15975 30083679
11X11010X010101111101001111X011X1100
57551 17499196
64471 83949191
22431 127776708
56954 7791803
52316 12457590
23210 100901
1011101X011X10X0101010000XX1001X110X
6336 6091946
3938 1103
48806 6054
X00100000010110010100X0111XX0011XX10
46212 868976
60751 38686
7817 24028835
26026 1375636
27924 99908083
39820 1819
011110X10X10XX000X10X1X1000X0010110X
61701 52009386
21486 120670
22778 3607
1X111X101XX011001010000110XX00XXX000
48791 2494667
21251 22054181
33066 43763
17993 1042
44236 14520
34723 229954479
1011001X1110X10000X11XXX0101X00X0011
37118 2636
25666 3141063
1136 51218577
9755 3174
28778 39021
1X11X01011101100X11X0X10X1X100100X11
6900 10217
46260 5912342
44033 23158
60828 18854
X1101X00111011X011X101XX11101X101000
534 59485
50433 6359279
32990 13853
25149 7619
35997 53053
17057 340332368
10X11X1000XX1X0010X00100110000X11101
59073 79091023
60294 236544
49767 42279458
0111X10X111X10X011X010101XX00X0111X0
63115 7199
16007 64293
15080 508680
59082 12677
38645 55217038
21795 892
31087 31722
111X100011X01001X0111X110000X101X111
2770 193639
35074 418456
12634 496715746
17650 1005
0111X00101XX00X0X0100011010000X00XX0
54341 70895761
5883 22610
01XX001101100000001X11X00XX0111X010X
9219 49968
62160 112464674
2770 2139
52316 6520
10444 220757
11517 107554282
62689 224389
1101100010100X001110X1101X1100X00001
11503 241583
43476 6546854
27201 12413
01100X1X011X00X00011010X0X0011X00001
54223 1042
15018 5591
34905 229
63045 833068
62987 4856476
55200 547
10X1X0X00X101XX01X101000101X101X0000
48550 259751485
16431 980596
39021 106388364
48142 3777
17652 434163
18613 19486709
26579 385135647
0X0X11001XXXX00X011000X111001010X000
38574 3154
12071 235510356
61159 109679
47527 121608755
55803 170459
011001110111001X0X1X110000011X0010X1
59793 558
23056 115523
33423 313
38854 925458
X1XX0010111011X01100X001X00X0110111X
14936 12443259
61314 1154
20124 276418611
60294 5865720
59584 395879
22227 51398
29560 25396
X1X11010X1101X0001100010X000110X0111
4256 699
15784 208
54321 35269104
65299 41354
42445 501
01111X110010000X01001100X0000000001X
28748 8402
9833 7040
