1 808 550 12 22
2 486 680 13 15
3 119 619 22 27
4 885 666 12 21
5 744 975 27 24
6 153 233 21 16
7 50 486 17 16
8 865 337 23 28
9 764 288 18 26
10 230 737 18 24
11 136 957 20 13
12 403 114 14 12
13 514 234 15 27
14 900 195 12 21
15 653 784 16 29
16 393 939 19 23
17 80 418 25 14
18 221 960 26 12
19 388 356 13 14
20 368 273 27 16
21 544 96 12 17
22 206 760 15 11
23 680 270 21 28
24 390 403 27 19
25 211 646 17 26
26 357 163 28 17
27 318 561 16 25
28 109 868 20 16
29 932 171 24 21
30 677 375 22 19
31 85 150 17 11
32 261 954 28 26
33 100 777 15 22
34 812 389 27 20
35 109 581 21 19
36 936 123 26 28
37 934 531 23 26
38 578 222 24 18
39 601 173 19 14
40 752 701 12 24
41 968 766 27 22
42 741 430 29 27
43 838 334 27 17
44 148 166 21 20
45 358 735 22 25
46 773 906 12 20
47 957 178 21 18
48 752 964 25 17
49 929 500 11 23
50 605 173 16 23
51 680 826 19 28
52 425 430 29 27
53 656 49 12 14
54 145 225 12 17
55 828 128 17 11
56 977 242 21 21
57 77 316 19 16
58 670 262 25 19
59 168 616 22 11
60 799 69 12 21
61 630 6 10 16
62 94 590 25 22
63 168 639 10 13
64 797 583 24 22
65 812 22 27 23
66 483 629 23 27
67 20 508 17 22
68 634 979 15 16
69 555 33 15 18
70 974 745 16 24
71 327 337 26 25
72 14 246 3 3
73 54 729 18 10
74 190 246 27 17
75 541 200 23 25
76 174 42 20 29
77 401 850 18 10
78 460 535 13 29
79 472 38 25 16
80 854 588 15 14
81 136 27 21 12
82 375 680 16 11
83 186 54 21 17
84 838 217 18 28
85 488 571 29 28
86 584 965 12 29
87 259 650 23 15
88 886 615 12 18
89 976 307 21 24
90 923 631 17 14
91 752 335 19 20
92 79 178 21 19
93 236 747 13 28
94 617 560 26 20
95 172 624 14 11
96 303 967 13 23
97 217 477 24 14
98 174 634 18 13
99 973 234 27 13
100 535 809 20 25
101 216 788 19 15
102 412 277 26 11
103 556 162 22 16
104 536 24 29 20
105 165 579 28 18
106 158 260 25 18
107 804 530 17 28
108 462 709 28 16
109 213 493 22 23
110 18 484 16 23
111 245 6 13 26
112 888 326 20 26
113 464 514 11 18
114 202 773 22 18
115 555 234 20 16
116 158 229 19 26
117 374 396 23 24
118 17 330 27 29
119 762 219 22 23
120 127 562 16 20
121 562 213 27 12
122 808 159 28 10
123 879 163 15 29
124 625 272 18 10
125 823 770 25 29
126 199 679 19 12
127 726 37 18 27
128 161 216 26 26
129 425 56 25 19
130 745 659 28 23
131 699 950 29 25
132 277 647 17 10
133 978 266 14 10
134 48 572 24 20
135 276 698 17 11
136 554 546 23 18
137 832 142 13 22
138 397 11 11 29
139 211 320 13 11
140 314 738 17 23
141 802 273 18 11
142 628 579 14 20
143 693 251 23 10
144 888 4 22 14
145 250 322 15 20
146 667 270 19 13
147 873 617 18 19
148 169 568 25 22
149 789 327 27 24
150 107 766 26 19
151 890 738 11 20
152 814 54 27 25
153 208 201 13 18
154 724 471 14 24
155 557 396 15 25
156 526 185 25 14
157 385 843 23 10
158 939 253 4 5
159 355 830 26 14
160 330 782 20 10
161 653 913 12 25
162 311 829 19 26
163 317 296 22 17
164 351 608 12 15
165 727 951 25 28
166 565 582 11 24
167 703 60 25 23
168 709 623 28 29
169 913 307 11 26
170 556 966 27 20
171 180 781 24 28
172 718 253 21 26
173 49 342 18 27
174 392 420 10 3
175 553 379 24 14
176 954 730 21 16
177 209 299 13 11
178 580 227 11 10
179 298 950 11 12
180 491 747 15 11
181 693 710 21 21
182 667 382 18 20
183 34 338 13 14
184 219 36 26 26
185 524 48 13 14
186 169 122 13 24
187 382 183 22 29
188 418 578 12 24
189 196 321 13 26
190 569 394 18 25
191 507 590 13 21
192 918 835 29 24
193 770 297 11 16
194 405 60 22 20
195 604 177 16 11
196 33 88 16 25
197 338 686 11 19
198 378 775 25 12
199 255 202 14 11
200 512 50 18 16
201 902 424 22 16
202 586 232 26 11
203 781 913 15 20
204 153 18 25 22
205 159 348 29 14
206 509 491 26 17
207 244 3 29 15
208 386 393 16 22
209 422 880 28 12
210 695 842 23 23
211 667 170 19 27
212 266 344 15 13
213 762 679 11 12
214 965 731 19 21
215 62 904 23 10
216 379 437 16 20
217 955 923 24 24
218 929 15 12 11
219 834 795 18 22
220 473 143 19 20
221 508 620 28 23
222 475 642 18 24
223 172 7 23 27
224 256 811 10 11
225 897 593 25 29
226 247 659 20 12
227 704 470 17 18
228 942 289 14 28
229 180 668 25 25
230 358 762 15 26
231 874 405 29 21
232 140 624 28 15
233 373 783 25 12
234 327 353 18 23
235 798 280 22 10
236 656 788 12 27
237 31 130 12 11
238 490 172 21 28
239 73 238 26 23
240 491 340 19 27
241 239 253 26 20
242 436 970 25 29
243 607 356 16 29
244 197 412 10 12
245 230 514 25 24
246 137 361 19 29
247 570 153 22 27
248 194 421 10 13
249 867 187 28 22
250 621 726 16 25
251 529 984 14 12
252 414 296 17 15
253 568 106 13 28
254 658 725 10 20
255 677 243 25 18
256 246 483 20 18
257 708 22 21 19
258 432 472 29 26
259 467 572 19 11
260 207 235 20 28
261 945 23 19 20
262 249 56 17 12
263 28 685 12 13
264 647 945 24 22
265 254 299 15 29
266 987 761 12 20
267 282 74 24 19
268 515 829 26 12
269 648 570 15 22
270 714 780 19 27
271 180 427 15 25
272 574 236 27 22
273 628 180 16 19
274 344 327 20 29
275 299 849 29 19
276 442 970 23 26
277 463 36 29 15
278 511 107 21 16
279 399 750 23 26
280 636 812 29 11
281 612 801 11 15
282 198 641 10 18
283 889 488 19 19
284 624 784 13 15
285 275 926 15 20
286 437 164 13 20
287 373 728 17 18
288 705 541 24 23
289 212 692 25 25
290 652 117 21 24
291 346 692 17 10
292 305 300 28 18
293 79 832 11 18
294 242 434 13 17
295 722 789 20 20
296 573 304 29 16
297 503 752 24 15
298 491 151 29 25
299 269 22 15 12
300 57 121 12 28
301 873 685 29 27
302 635 848 27 25
303 820 24 13 17
304 136 276 23 27
305 975 353 18 24
306 830 234 21 14
307 308 187 13 14
308 601 231 22 14
309 466 712 14 21
310 586 224 17 18
311 625 906 10 21
312 261 740 12 28
313 359 512 23 20
314 685 741 28 14
315 226 257 21 25
316 425 455 17 26
317 12 330 24 17
318 55 61 10 12
319 33 338 13 13
320 446 441 10 17
321 936 971 17 26
322 586 399 18 19
323 632 567 18 22
324 583 298 27 16
325 229 903 27 22
326 166 159 16 13
327 394 364 17 29
328 123 245 15 13
329 261 439 20 24
330 146 939 15 25
331 611 848 19 19
332 355 90 16 23
333 576 306 29 10
334 667 6 18 12
335 101 458 23 12
336 519 763 13 13
337 701 974 10 24
338 263 26 11 27
339 154 359 13 18
340 624 516 24 13
341 576 345 20 17
342 838 797 29 13
343 364 957 16 16
344 415 71 12 26
345 194 357 17 19
346 828 342 29 15
347 104 734 24 18
348 236 425 16 14
349 108 384 16 12
350 336 159 23 27
351 481 547 21 26
352 173 413 28 19
353 775 362 28 10
354 957 570 13 12
355 690 245 15 17
356 871 563 26 18
357 213 713 21 29
358 376 524 19 13
359 748 246 20 16
360 958 871 24 25
361 542 774 18 17
362 236 398 26 18
363 230 684 25 23
364 82 396 28 25
365 336 578 28 24
366 413 425 19 10
367 384 930 25 16
368 194 934 17 21
369 28 584 23 23
370 920 544 21 29
371 681 517 19 23
372 414 528 21 25
373 155 221 12 16
374 591 162 19 20
375 628 953 21 19
376 250 624 13 12
377 423 835 28 13
378 7 900 17 16
379 708 733 12 20
380 713 335 15 18
381 189 654 12 10
382 481 574 23 10
383 721 50 26 24
384 11 651 27 18
385 72 179 17 26
386 229 489 27 23
387 837 513 22 24
388 769 660 22 18
389 472 695 17 18
390 700 317 14 6
391 22 617 24 11
392 878 318 10 13
393 878 348 21 25
394 941 302 15 10
395 405 822 22 16
396 381 491 23 25
397 983 706 14 29
398 833 247 19 15
399 828 757 12 21
400 953 15 11 27
401 864 636 19 23
402 947 506 27 17
403 720 429 13 25
404 434 455 22 10
405 573 550 14 14
406 489 618 25 28
407 457 947 3 7
408 835 58 13 15
409 342 862 14 15
410 878 361 11 15
411 31 487 21 14
412 305 833 23 28
413 743 309 11 14
414 970 794 10 10
415 167 610 20 12
416 920 849 28 25
417 528 774 10 25
418 363 508 28 17
419 546 660 20 12
420 901 412 11 14
421 521 461 20 12
422 475 478 29 21
423 648 244 12 29
424 892 234 10 15
425 841 774 23 22
426 66 971 27 10
427 694 478 18 17
428 882 586 14 26
429 445 779 26 11
430 628 738 19 15
431 368 500 21 15
432 370 381 13 24
433 667 15 21 29
434 286 318 22 21
435 544 772 20 13
436 482 366 16 24
437 894 781 24 27
438 352 766 20 15
439 447 449 26 12
440 796 235 16 29
441 320 697 11 14
442 344 92 16 25
443 923 619 28 28
444 361 488 17 16
445 294 335 29 25
446 333 689 19 10
447 706 37 23 25
448 779 382 27 19
449 904 184 27 27
450 118 414 23 19
451 96 154 13 18
452 600 702 17 22
453 255 772 12 12
454 164 607 10 13
455 407 791 10 23
456 668 348 19 15
457 657 831 15 24
458 228 784 16 16
459 386 664 25 28
460 977 577 23 17
461 55 45 14 27
462 503 766 14 13
463 896 646 15 25
464 340 395 3 3
465 681 849 12 10
466 561 810 12 28
467 390 415 22 14
468 959 85 11 19
469 376 310 28 20
470 101 393 19 23
471 801 520 14 26
472 553 353 27 27
473 674 715 13 13
474 107 407 23 18
475 64 785 17 18
476 40 743 28 26
477 638 978 16 18
478 122 446 23 24
479 198 355 29 12
480 359 48 18 26
481 632 231 28 23
482 501 727 21 18
483 61 878 10 22
484 658 439 14 22
485 143 807 21 10
486 84 494 23 16
487 633 906 14 17
488 893 373 20 13
489 518 328 17 23
490 938 785 12 13
491 493 863 5 10
492 729 614 18 28
493 583 612 11 27
494 218 868 19 25
495 263 23 14 11
496 462 715 17 23
497 963 368 15 12
498 888 726 4 8
499 323 0 26 19
500 62 613 15 20
501 231 886 19 21
502 736 616 20 20
503 322 907 24 26
504 864 653 14 21
505 528 955 26 18
506 50 864 25 28
507 537 177 22 11
508 286 250 16 10
509 835 29 22 17
510 207 763 20 28
511 937 399 20 13
512 69 908 15 29
513 917 600 17 26
514 158 802 13 24
515 780 955 21 22
516 551 953 20 27
517 733 16 14 14
518 307 710 14 16
519 855 892 27 17
520 937 505 21 11
521 650 168 14 28
522 210 61 15 12
523 316 182 10 10
524 789 899 20 12
525 781 253 20 19
526 803 901 16 19
527 803 139 28 23
528 316 694 29 16
529 700 406 26 21
530 261 77 29 27
531 505 774 15 26
532 732 644 28 28
533 565 937 12 25
534 487 724 21 26
535 427 881 13 19
536 637 1 12 12
537 664 347 26 19
538 591 754 28 22
539 710 924 12 27
540 751 549 17 15
541 952 567 27 21
542 300 563 29 22
543 204 746 10 15
544 384 280 13 20
545 735 54 27 15
546 858 949 20 18
547 638 563 19 10
548 482 307 10 29
549 953 384 14 18
550 842 977 16 14
551 755 384 15 20
552 500 633 10 22
553 516 534 16 28
554 41 667 17 15
555 566 892 26 17
556 204 778 10 29
557 572 361 18 23
558 32 601 12 27
559 628 822 11 16
560 982 974 12 10
561 698 322 25 14
562 136 343 26 19
563 496 687 12 19
564 662 285 21 13
565 489 532 16 25
566 631 537 12 21
567 754 86 19 10
568 367 676 20 13
569 68 819 19 15
570 664 195 10 19
571 197 105 25 14
572 853 335 10 15
573 86 873 25 18
574 455 487 20 29
575 936 251 13 11
576 124 431 27 21
577 37 89 26 14
578 839 589 11 10
579 748 374 15 21
580 723 647 14 22
581 723 320 21 25
582 747 379 26 12
583 836 515 28 14
584 25 393 24 25
585 705 436 29 24
586 697 487 14 29
587 521 288 15 22
588 606 393 27 17
589 727 312 23 28
590 597 203 22 14
591 458 459 29 14
592 75 48 12 26
593 328 221 10 14
594 546 153 15 19
595 533 471 27 23
596 635 592 17 22
597 103 654 24 17
598 88 299 28 24
599 447 385 12 15
600 182 235 16 26
601 365 33 27 18
602 155 210 19 13
603 722 611 24 25
604 195 323 12 25
605 292 981 16 10
606 480 122 13 17
607 253 455 15 14
608 648 138 17 15
609 253 836 25 23
610 176 803 17 24
611 816 58 27 14
612 120 811 17 10
613 205 614 23 13
614 231 490 13 23
615 818 125 17 14
616 688 362 10 23
617 245 1 28 29
618 394 750 14 21
619 154 204 24 19
620 416 797 14 29
621 9 242 12 16
622 688 696 23 28
623 328 771 23 22
624 260 326 17 22
625 96 722 29 21
626 40 524 11 26
627 399 307 10 20
628 178 580 16 10
629 566 12 27 28
630 848 594 28 29
631 352 366 26 23
632 759 675 23 20
633 242 659 22 29
634 7 144 27 26
635 168 391 29 11
636 978 848 21 24
637 670 24 23 21
638 858 394 21 21
639 365 26 20 26
640 383 51 23 20
641 423 271 24 29
642 371 504 10 21
643 482 46 22 22
644 63 52 14 11
645 658 213 10 13
646 277 384 17 26
647 202 487 23 11
648 746 10 19 14
649 445 465 20 12
650 957 848 12 11
651 531 987 7 4
652 321 414 16 16
653 499 741 10 14
654 58 760 26 15
655 702 936 26 25
656 86 274 22 13
657 95 536 23 14
658 334 331 26 22
659 321 413 10 15
660 229 216 25 13
661 191 46 16 23
662 552 27 24 20
663 509 539 14 13
664 680 636 10 21
665 789 368 21 24
666 353 869 28 19
667 962 302 28 29
668 596 377 25 16
669 159 229 26 18
670 849 426 17 12
671 509 641 15 10
672 270 756 18 10
673 376 392 24 13
674 658 566 16 13
675 48 340 18 23
676 391 67 20 22
677 950 526 23 16
678 336 784 18 22
679 893 255 12 29
680 678 173 29 24
681 933 184 25 27
682 176 341 21 25
683 550 542 27 11
684 639 559 11 12
685 348 847 14 22
686 982 574 10 15
687 788 922 17 26
688 730 13 15 14
689 787 960 21 10
690 675 624 11 16
691 887 308 10 20
692 22 738 20 13
693 875 602 16 26
694 691 186 19 18
695 509 210 17 18
696 968 855 11 17
697 441 746 25 15
698 735 244 11 22
699 660 434 22 21
700 812 528 12 27
701 311 910 10 24
702 301 322 27 10
703 906 734 22 15
704 616 709 10 24
705 890 375 25 10
706 227 709 19 13
707 594 456 26 19
708 619 933 13 26
709 506 932 11 29
710 83 640 16 14
711 362 502 23 28
712 285 967 15 16
713 907 956 21 23
714 582 502 28 24
715 441 209 14 26
716 742 58 29 11
717 455 943 11 20
718 182 399 10 13
719 650 570 11 22
720 849 184 23 18
721 235 477 20 15
722 236 631 15 20
723 810 217 14 17
724 935 166 15 23
725 193 363 23 13
726 421 571 27 10
727 349 288 17 28
728 277 693 28 19
729 910 959 14 9
730 350 433 13 22
731 182 346 29 12
732 126 641 22 18
733 331 280 17 13
734 613 398 13 28
735 839 740 16 28
736 574 532 19 22
737 617 796 19 27
738 830 944 24 20
739 916 852 13 28
740 430 889 22 16
741 112 719 17 19
742 536 362 29 10
743 832 967 24 13
744 541 1 12 23
745 680 901 25 18
746 219 105 24 13
747 564 408 14 24
748 912 688 25 20
749 877 719 21 19
750 879 855 20 13
751 498 63 24 10
752 960 517 10 14
753 446 853 21 28
754 478 684 14 13
755 398 91 11 28
756 477 733 25 20
757 925 874 28 18
758 476 528 23 26
759 945 960 26 23
760 235 412 21 27
761 482 157 25 23
762 739 541 22 15
763 24 511 27 22
764 485 263 25 17
765 674 852 15 16
766 734 471 22 14
767 879 967 22 20
768 104 952 27 15
769 497 316 23 15
770 233 37 15 21
771 233 769 27 21
772 895 200 28 17
773 196 295 20 24
774 10 132 10 15
775 210 63 26 17
776 978 834 13 12
777 727 83 29 17
778 802 747 13 20
779 415 427 7 5
780 429 377 28 17
781 818 118 26 12
782 24 344 27 18
783 745 741 20 26
784 658 261 26 23
785 500 112 15 13
786 33 722 29 14
787 433 707 23 10
788 16 688 23 17
789 438 877 19 24
790 304 832 17 18
791 245 291 16 23
792 393 89 28 19
793 799 748 29 25
794 807 7 25 20
795 766 312 21 13
796 268 905 21 21
797 837 201 19 23
798 627 420 28 18
799 127 577 13 20
800 67 967 25 11
801 712 931 4 14
802 978 268 18 14
803 294 533 18 17
804 91 316 14 15
805 595 87 14 10
806 613 454 23 27
807 34 257 10 14
808 805 62 11 24
809 359 115 11 14
810 443 215 13 11
811 229 754 16 14
812 470 866 10 25
813 805 104 22 27
814 643 420 10 24
815 323 820 24 29
816 393 653 26 20
817 242 237 24 27
818 449 189 19 17
819 613 846 29 27
820 59 519 29 15
821 165 588 24 12
822 170 589 13 20
823 725 678 19 21
824 204 366 27 25
825 325 924 27 11
826 838 895 28 24
827 833 487 26 24
828 305 748 27 10
829 647 888 12 26
830 820 602 14 19
831 43 958 24 14
832 349 562 16 27
833 632 184 14 16
834 316 1 10 22
835 189 793 18 12
836 698 862 10 22
837 67 802 18 18
838 830 147 28 12
839 267 9 26 20
840 174 66 13 22
841 332 243 14 10
842 824 480 26 25
843 354 319 17 19
844 267 927 12 20
845 950 100 14 11
846 273 856 12 16
847 907 598 21 22
848 506 926 25 10
849 105 932 27 24
850 254 817 24 13
851 610 397 12 10
852 483 264 28 18
853 29 121 21 16
854 542 185 15 27
855 599 227 21 17
856 402 49 12 22
857 5 637 21 27
858 597 466 18 19
859 608 418 16 26
860 691 480 24 17
861 291 53 27 14
862 465 320 27 10
863 428 164 27 27
864 661 44 27 10
865 758 339 27 11
866 263 783 20 13
867 209 182 14 20
868 113 548 12 24
869 888 314 10 22
870 942 168 20 17
871 68 252 26 23
872 446 949 22 25
873 141 387 14 28
874 836 855 14 28
875 231 380 12 24
876 242 749 23 25
877 205 398 6 5
878 78 957 24 18
879 491 853 11 24
880 856 40 24 29
881 262 240 24 18
882 661 181 10 24
883 407 515 14 14
884 344 271 10 26
885 946 127 26 10
886 557 588 17 16
887 821 511 17 29
888 354 481 16 20
889 445 25 24 14
890 46 661 13 24
891 314 216 19 21
892 424 871 26 13
893 222 520 25 20
894 767 375 22 28
895 804 524 13 20
896 87 233 24 16
897 349 772 15 23
898 313 230 23 24
899 76 820 28 21
900 595 195 29 12
901 747 974 14 13
902 601 362 14 21
903 171 615 18 18
904 341 301 17 26
905 146 644 10 13
906 37 125 27 27
907 434 877 20 15
908 158 45 20 28
909 357 460 22 21
910 668 256 25 18
911 658 54 12 12
912 40 176 18 22
913 188 921 27 17
914 605 839 21 18
915 297 907 19 27
916 591 458 25 15
917 96 607 22 21
918 702 183 13 24
919 800 381 29 14
920 889 684 14 20
921 868 942 26 19
922 747 636 22 26
923 280 966 21 11
924 946 445 14 19
925 717 673 12 21
926 129 181 18 13
927 537 327 29 20
928 364 126 12 25
929 346 318 24 22
930 904 244 21 25
931 389 10 16 27
932 245 651 23 14
933 132 937 20 14
934 252 422 29 25
935 315 632 26 13
936 86 310 13 22
937 893 730 24 16
938 905 0 16 27
939 652 171 25 17
940 46 71 18 20
941 107 727 17 11
942 753 40 16 20
943 543 937 11 28
944 279 69 17 19
945 285 975 24 24
946 224 661 19 27
947 680 298 29 27
948 417 300 26 14
949 289 949 27 13
950 899 302 18 17
951 475 542 16 20
952 568 645 23 17
953 261 724 18 27
954 872 900 13 29
955 67 775 29 11
956 451 781 17 13
957 615 525 24 16
958 286 67 16 20
959 479 253 10 23
960 672 359 23 17
961 568 978 20 10
962 21 107 13 15
963 663 904 26 29
964 607 281 10 12
965 800 221 29 18
966 447 454 15 18
967 316 316 21 29
968 725 545 18 23
969 572 155 15 22
970 222 739 13 19
971 529 197 25 12
972 958 236 19 25
973 232 218 18 8
974 697 21 20 12
975 381 203 24 14
976 59 85 15 29
977 550 805 25 26
978 714 960 12 20
979 217 50 20 27
980 574 648 11 25
981 779 207 26 27
982 213 640 28 25
983 155 638 15 12
984 866 153 12 12
985 113 379 23 25
986 335 802 29 20
987 617 856 25 14
988 681 911 17 25
989 895 350 13 13
990 554 815 20 12
991 173 121 19 24
992 702 949 28 17
993 246 63 22 18
994 70 78 28 12
995 682 191 21 19
996 215 320 26 29
997 775 514 19 20
998 276 76 29 27
999 516 62 10 28
1000 541 226 21 24
1001 884 622 12 16
1002 127 24 27 28
1003 816 538 23 27
1004 349 696 23 29
1005 556 216 18 14
1006 474 890 22 23
1007 584 968 22 19
1008 493 643 14 18
1009 557 352 15 28
1010 837 963 22 17
1011 235 11 16 15
1012 243 965 10 10
1013 212 920 23 20
1014 896 850 12 16
1015 280 91 12 17
1016 616 371 10 15
1017 120 614 26 14
1018 788 317 25 13
1019 303 63 28 14
1020 726 20 20 24
1021 430 688 23 27
1022 832 513 10 27
1023 826 910 21 24
1024 582 67 24 29
1025 487 121 17 13
1026 368 475 25 12
1027 372 518 20 24
1028 502 747 29 14
1029 504 170 11 24
1030 274 260 21 24
1031 166 646 15 13
1032 695 379 20 14
1033 71 628 13 15
1034 979 726 12 14
1035 488 494 24 15
1036 590 281 28 19
1037 364 950 19 15
1038 662 919 29 17
1039 883 242 18 26
1040 920 0 23 14
1041 154 775 26 26
1042 458 517 10 20
1043 555 99 20 18
1044 191 63 18 18
1045 532 277 19 27
1046 260 201 24 15
1047 494 122 26 15
1048 793 383 13 24
1049 548 172 24 19
1050 928 515 25 28
1051 11 663 16 14
1052 897 693 20 12
1053 64 490 23 10
1054 523 196 10 28
1055 561 619 26 23
1056 303 704 26 17
1057 337 391 16 12
1058 933 780 16 28
1059 612 921 12 20
1060 248 11 14 20
1061 212 726 15 26
1062 465 707 15 28
1063 533 185 15 18
1064 491 729 17 15
1065 615 770 10 28
1066 537 385 18 22
1067 260 267 27 27
1068 935 19 15 22
1069 813 139 14 19
1070 628 934 12 20
1071 697 315 27 18
1072 615 412 14 18
1073 439 63 14 13
1074 893 425 23 19
1075 51 755 15 12
1076 421 161 21 28
1077 151 634 27 12
1078 895 740 21 14
1079 16 121 15 10
1080 901 582 19 21
1081 189 450 15 10
1082 703 421 23 23
1083 46 967 11 24
1084 897 17 26 29
1085 66 578 14 14
1086 821 653 10 16
1087 193 855 27 20
1088 352 448 18 10
1089 221 625 14 12
1090 128 62 12 24
1091 396 333 12 10
1092 66 474 22 26
1093 61 316 13 27
1094 175 81 12 19
1095 856 170 11 15
1096 820 842 26 27
1097 492 528 21 19
1098 658 724 29 16
1099 36 404 28 15
1100 253 365 11 15
1101 280 561 19 15
1102 50 82 24 16
1103 244 615 13 27
1104 619 366 17 21
1105 273 371 12 14
1106 132 643 18 11
1107 526 780 28 15
1108 207 842 19 22
1109 696 383 8 7
1110 356 843 25 16
1111 383 341 21 15
1112 616 573 11 13
1113 503 242 21 18
1114 428 729 27 19
1115 432 894 23 16
1116 534 23 18 22
1117 617 386 12 17
1118 931 454 26 23
1119 821 117 11 25
1120 805 608 24 22
1121 429 38 22 27
1122 561 350 26 12
1123 814 530 6 15
1124 84 837 26 15
1125 261 904 16 16
1126 18 593 15 14
1127 78 518 13 22
1128 369 440 17 29
1129 352 864 27 19
1130 881 580 24 23
1131 854 319 21 23
1132 271 190 11 15
1133 436 968 21 19
1134 125 193 13 20
1135 868 646 23 28
1136 3 913 27 11
1137 67 470 14 24
1138 850 965 27 12
1139 167 184 16 27
1140 803 374 28 20
1141 503 832 24 17
1142 359 35 23 19
1143 956 734 14 19
1144 799 577 15 16
1145 480 276 20 15
1146 218 691 10 24
1147 790 664 15 18
1148 281 245 18 13
1149 235 707 21 26
1150 767 909 26 12
1151 916 783 21 26
1152 685 530 11 12
1153 605 526 26 27
1154 760 294 22 10
1155 503 463 29 11
1156 369 783 13 12
1157 63 964 16 27
1158 962 285 26 26
1159 197 382 18 25
1160 813 265 14 29
1161 817 27 21 12
1162 194 486 25 21
1163 8 661 23 19
1164 121 579 14 22
1165 838 585 25 13
1166 365 27 12 13
1167 854 970 16 25
1168 747 15 10 12
1169 157 217 20 22
1170 81 238 15 10
1171 94 636 18 10
1172 879 499 23 23
1173 518 47 10 28
1174 907 797 14 27
1175 551 329 15 17
1176 633 781 22 14
1177 884 572 13 13
1178 826 830 10 18
1179 886 630 15 18
1180 173 208 17 14
1181 807 267 17 29
1182 748 691 20 27
1183 387 26 27 12
1184 480 169 22 21
1185 112 806 18 10
1186 495 735 12 28
1187 296 536 20 13
1188 940 188 23 21
1189 193 439 20 23
1190 25 269 20 12
1191 486 511 21 22
1192 833 645 26 19
1193 70 324 23 10
1194 563 666 12 12
1195 954 790 25 10
1196 92 241 10 25
1197 859 850 13 11
1198 252 325 15 17
1199 684 833 21 25
1200 859 858 26 10
1201 935 696 15 25
1202 876 966 16 27
1203 586 350 26 13
1204 470 53 17 26
1205 292 563 26 22
1206 944 134 19 22
1207 171 589 10 26
1208 573 900 27 22
1209 330 630 11 13
1210 734 973 27 19
1211 133 365 13 26
1212 976 982 20 14
1213 976 307 11 12
1214 677 261 24 11
1215 44 483 27 13
1216 777 516 14 5
1217 149 51 26 25
1218 970 825 16 12
1219 815 825 12 16
1220 580 500 19 16
1221 46 321 20 26
1222 824 501 26 13
1223 854 399 14 28
1224 57 78 25 26
1225 207 79 19 10
1226 908 189 13 13
1227 629 823 13 12
1228 243 237 27 14
1229 124 643 21 13
1230 650 787 27 20
1231 947 107 26 28
1232 877 152 14 27
1233 148 933 16 22
1234 485 49 21 24
1235 849 663 10 28
1236 70 317 21 18
1237 250 356 20 28
1238 636 944 25 18
1239 13 504 21 24
1240 612 223 16 14
1241 546 98 5 5
1242 618 275 19 28
1243 447 498 10 21
1244 228 260 15 13
1245 9 244 12 10
1246 759 260 11 10
1247 150 373 10 10
1248 461 640 27 14
1249 751 421 17 21
1250 260 202 24 20
1251 39 100 10 11
1252 827 639 19 27
1253 443 435 12 23
1254 95 824 18 25
1255 225 799 10 27
1256 693 381 15 12
1257 660 709 28 22
1258 534 160 15 22
1259 119 61 12 22
1260 48 169 25 19
1261 906 784 15 23
1262 925 679 20 18
1263 291 832 16 25
1264 491 109 27 24
1265 969 942 23 21
1266 798 406 29 17
1267 907 423 23 13
1268 20 342 15 25
1269 97 248 27 15
1270 142 349 25 14
1271 11 233 19 22
1272 966 232 22 12
1273 826 70 22 25
1274 563 296 24 25
1275 177 770 26 26
1276 677 358 19 26
1277 816 16 18 23
1278 450 557 29 22
1279 262 28 11 29
1280 824 23 26 20
1281 755 745 10 19
